difficulty person_idx time_ms score
3 725 0 2
3 390 0 2
3 763 0 2
3 89 0 1
3 15 0 2
3 262 0 2
3 692 0 1
3 627 0 2
3 159 0 2
3 10 0 1
3 91 0 1
3 13 0 1
3 788 0 2
3 368 0 4
3 781 0 4
3 158 0 1
3 662 0 2
3 477 0 2
3 245 0 2
3 725 1 2
3 390 1 2
3 763 1 2
3 89 1 1
3 15 1 2
3 262 1 2
3 692 1 1
3 627 1 2
3 159 1 2
3 10 1 1
3 91 1 1
3 13 1 1
3 788 1 2
3 368 1 4
3 781 1 4
3 158 1 1
3 662 1 2
3 477 1 2
3 245 1 2
3 725 9 2
3 390 9 2
3 763 9 2
3 89 9 1
3 15 9 2
3 262 9 2
3 692 9 1
3 627 9 2
3 159 9 2
3 10 9 1
3 91 9 1
3 13 9 1
3 788 9 2
3 368 9 4
3 781 9 4
3 158 9 1
3 662 9 2
3 477 9 2
3 245 9 2
3 725 28 2
3 390 28 2
3 763 28 2
3 89 28 1
3 15 28 2
3 262 28 2
3 692 28 1
3 627 28 2
3 159 28 2
3 10 28 1
3 91 28 1
3 13 28 1
3 788 28 2
3 368 28 4
3 781 28 4
3 158 28 1
3 662 28 2
3 477 28 2
3 245 28 2
3 725 37 2
3 390 37 2
3 763 37 2
3 89 37 1
3 15 37 2
3 262 37 2
3 692 37 1
3 627 37 2
3 159 37 2
3 10 37 1
3 91 37 1
3 13 37 1
3 788 37 2
3 368 37 4
3 781 37 4
3 158 37 1
3 662 37 2
3 477 37 2
3 245 37 2
3 725 44 2
3 390 44 2
3 763 44 2
3 89 44 1
3 15 44 2
3 262 44 2
3 692 44 1
3 627 44 2
3 159 44 2
3 10 44 1
3 91 44 1
3 13 44 1
3 788 44 2
3 368 44 4
3 781 44 4
3 158 44 1
3 662 44 2
3 477 44 2
3 245 44 2
3 725 47 2
3 390 47 2
3 763 47 2
3 89 47 1
3 15 47 2
3 262 47 2
3 692 47 1
3 627 47 2
3 159 47 2
3 10 47 1
3 91 47 1
3 13 47 1
3 788 47 2
3 368 47 4
3 781 47 4
3 158 47 1
3 662 47 2
3 477 47 2
3 245 47 2
3 725 48 2
3 390 48 2
3 763 48 4
3 89 48 1
3 15 48 2
3 262 48 3
3 692 48 1
3 627 48 2
3 159 48 2
3 10 48 1
3 91 48 1
3 13 48 1
3 788 48 3
3 368 48 4
3 781 48 4
3 158 48 1
3 662 48 2
3 477 48 2
3 245 48 2
3 725 50 2
3 390 50 2
3 763 50 4
3 89 50 1
3 15 50 3
3 262 50 3
3 692 50 2
3 627 50 2
3 159 50 2
3 10 50 1
3 91 50 1
3 13 50 1
3 788 50 3
3 368 50 4
3 781 50 4
3 158 50 1
3 662 50 2
3 477 50 2
3 245 50 2
3 725 52 2
3 390 52 2
3 763 52 4
3 89 52 1
3 15 52 3
3 262 52 3
3 692 52 2
3 627 52 2
3 159 52 2
3 10 52 3
3 91 52 2
3 13 52 1
3 788 52 3
3 368 52 4
3 781 52 4
3 158 52 1
3 662 52 2
3 477 52 2
3 245 52 2
3 725 53 2
3 390 53 2
3 763 53 4
3 89 53 1
3 15 53 3
3 262 53 3
3 692 53 2
3 627 53 2
3 159 53 2
3 10 53 3
3 91 53 2
3 13 53 1
3 788 53 3
3 368 53 4
3 781 53 4
3 158 53 1
3 662 53 2
3 477 53 2
3 245 53 2
3 725 141 2
3 390 141 2
3 763 141 6
3 89 141 2
3 15 141 3
3 262 141 3
3 692 141 3
3 627 141 2
3 159 141 2
3 10 141 3
3 91 141 2
3 13 141 1
3 788 141 3
3 368 141 4
3 781 141 4
3 158 141 1
3 662 141 2
3 477 141 2
3 245 141 2
3 725 151 2
3 390 151 2
3 763 151 6
3 89 151 2
3 15 151 3
3 262 151 3
3 692 151 3
3 627 151 2
3 159 151 2
3 10 151 3
3 91 151 3
3 13 151 3
3 788 151 3
3 368 151 6
3 781 151 4
3 158 151 1
3 662 151 2
3 477 151 2
3 245 151 2
3 725 160 2
3 390 160 2
3 763 160 6
3 89 160 2
3 15 160 3
3 262 160 3
3 692 160 3
3 627 160 2
3 159 160 2
3 10 160 3
3 91 160 3
3 13 160 3
3 788 160 3
3 368 160 6
3 781 160 4
3 158 160 1
3 662 160 2
3 477 160 4
3 245 160 2
3 725 391 2
3 390 391 2
3 763 391 6
3 89 391 2
3 15 391 3
3 262 391 3
3 692 391 3
3 627 391 2
3 159 391 2
3 10 391 3
3 91 391 3
3 13 391 3
3 788 391 3
3 368 391 6
3 781 391 4
3 158 391 1
3 662 391 2
3 477 391 4
3 245 391 2
3 725 392 2
3 390 392 2
3 763 392 6
3 89 392 2
3 15 392 3
3 262 392 3
3 692 392 3
3 627 392 2
3 159 392 2
3 10 392 3
3 91 392 3
3 13 392 3
3 788 392 3
3 368 392 6
3 781 392 4
3 158 392 1
3 662 392 2
3 477 392 4
3 245 392 2
3 725 393 2
3 390 393 2
3 763 393 9
3 89 393 2
3 15 393 3
3 262 393 4
3 692 393 3
3 627 393 2
3 159 393 2
3 10 393 5
3 91 393 7
3 13 393 4
3 788 393 3
3 368 393 6
3 781 393 7
3 158 393 1
3 662 393 2
3 477 393 4
3 245 393 2
3 725 402 4
3 390 402 6
3 763 402 9
3 89 402 2
3 15 402 4
3 262 402 4
3 692 402 3
3 627 402 3
3 159 402 2
3 10 402 5
3 91 402 7
3 13 402 4
3 788 402 3
3 368 402 6
3 781 402 7
3 158 402 1
3 662 402 2
3 477 402 4
3 245 402 2
3 725 416 4
3 390 416 6
3 763 416 9
3 89 416 2
3 15 416 4
3 262 416 4
3 692 416 3
3 627 416 3
3 159 416 2
3 10 416 5
3 91 416 7
3 13 416 4
3 788 416 3
3 368 416 6
3 781 416 7
3 158 416 1
3 662 416 2
3 477 416 4
3 245 416 2
3 725 417 4
3 390 417 6
3 763 417 9
3 89 417 2
3 15 417 4
3 262 417 4
3 692 417 3
3 627 417 3
3 159 417 2
3 10 417 5
3 91 417 7
3 13 417 4
3 788 417 3
3 368 417 6
3 781 417 7
3 158 417 1
3 662 417 2
3 477 417 4
3 245 417 2
3 725 469 4
3 390 469 6
3 763 469 9
3 89 469 2
3 15 469 4
3 262 469 4
3 692 469 3
3 627 469 3
3 159 469 2
3 10 469 5
3 91 469 7
3 13 469 4
3 788 469 3
3 368 469 6
3 781 469 7
3 158 469 1
3 662 469 2
3 477 469 4
3 245 469 2
3 725 522 4
3 390 522 6
3 763 522 9
3 89 522 2
3 15 522 4
3 262 522 4
3 692 522 3
3 627 522 3
3 159 522 2
3 10 522 5
3 91 522 7
3 13 522 4
3 788 522 3
3 368 522 6
3 781 522 7
3 158 522 1
3 662 522 2
3 477 522 4
3 245 522 2
3 725 677 4
3 390 677 6
3 763 677 9
3 89 677 2
3 15 677 4
3 262 677 4
3 692 677 3
3 627 677 3
3 159 677 2
3 10 677 5
3 91 677 7
3 13 677 4
3 788 677 3
3 368 677 6
3 781 677 7
3 158 677 1
3 662 677 2
3 477 677 4
3 245 677 2
3 725 681 4
3 390 681 6
3 763 681 9
3 89 681 2
3 15 681 4
3 262 681 4
3 692 681 3
3 627 681 3
3 159 681 2
3 10 681 5
3 91 681 7
3 13 681 4
3 788 681 3
3 368 681 6
3 781 681 7
3 158 681 1
3 662 681 2
3 477 681 4
3 245 681 2
3 725 690 4
3 390 690 6
3 763 690 9
3 89 690 2
3 15 690 4
3 262 690 4
3 692 690 3
3 627 690 3
3 159 690 2
3 10 690 5
3 91 690 7
3 13 690 4
3 788 690 3
3 368 690 6
3 781 690 7
3 158 690 1
3 662 690 2
3 477 690 4
3 245 690 2
3 725 697 4
3 390 697 6
3 763 697 9
3 89 697 2
3 15 697 4
3 262 697 4
3 692 697 3
3 627 697 3
3 159 697 2
3 10 697 5
3 91 697 7
3 13 697 4
3 788 697 3
3 368 697 6
3 781 697 7
3 158 697 1
3 662 697 2
3 477 697 4
3 245 697 2
3 725 698 5
3 390 698 6
3 763 698 9
3 89 698 2
3 15 698 4
3 262 698 4
3 692 698 3
3 627 698 3
3 159 698 2
3 10 698 9
3 91 698 9
3 13 698 7
3 788 698 3
3 368 698 7
3 781 698 9
3 158 698 1
3 662 698 2
3 477 698 4
3 245 698 2
3 725 699 5
3 390 699 6
3 763 699 9
3 89 699 2
3 15 699 4
3 262 699 4
3 692 699 3
3 627 699 3
3 159 699 2
3 10 699 9
3 91 699 9
3 13 699 7
3 788 699 3
3 368 699 7
3 781 699 9
3 158 699 1
3 662 699 2
3 477 699 4
3 245 699 2
3 725 1091 5
3 390 1091 6
3 763 1091 9
3 89 1091 2
3 15 1091 4
3 262 1091 4
3 692 1091 3
3 627 1091 3
3 159 1091 2
3 10 1091 9
3 91 1091 9
3 13 1091 7
3 788 1091 3
3 368 1091 7
3 781 1091 9
3 158 1091 1
3 662 1091 2
3 477 1091 4
3 245 1091 2
3 725 1099 5
3 390 1099 6
3 763 1099 9
3 89 1099 2
3 15 1099 4
3 262 1099 4
3 692 1099 3
3 627 1099 3
3 159 1099 2
3 10 1099 9
3 91 1099 9
3 13 1099 7
3 788 1099 3
3 368 1099 7
3 781 1099 9
3 158 1099 1
3 662 1099 2
3 477 1099 4
3 245 1099 2
3 725 1272 5
3 390 1272 6
3 763 1272 9
3 89 1272 2
3 15 1272 4
3 262 1272 4
3 692 1272 3
3 627 1272 3
3 159 1272 2
3 10 1272 9
3 91 1272 9
3 13 1272 7
3 788 1272 3
3 368 1272 7
3 781 1272 9
3 158 1272 1
3 662 1272 2
3 477 1272 4
3 245 1272 2
3 725 1273 5
3 390 1273 6
3 763 1273 9
3 89 1273 2
3 15 1273 4
3 262 1273 4
3 692 1273 3
3 627 1273 3
3 159 1273 2
3 10 1273 9
3 91 1273 9
3 13 1273 7
3 788 1273 3
3 368 1273 7
3 781 1273 9
3 158 1273 1
3 662 1273 2
3 477 1273 4
3 245 1273 2
3 725 1274 7
3 390 1274 6
3 763 1274 11
3 89 1274 2
3 15 1274 5
3 262 1274 6
3 692 1274 3
3 627 1274 3
3 159 1274 2
3 10 1274 9
3 91 1274 9
3 13 1274 9
3 788 1274 3
3 368 1274 7
3 781 1274 9
3 158 1274 1
3 662 1274 2
3 477 1274 4
3 245 1274 2
3 725 1276 8
3 390 1276 6
3 763 1276 11
3 89 1276 4
3 15 1276 5
3 262 1276 8
3 692 1276 4
3 627 1276 3
3 159 1276 3
3 10 1276 9
3 91 1276 9
3 13 1276 9
3 788 1276 3
3 368 1276 7
3 781 1276 9
3 158 1276 1
3 662 1276 2
3 477 1276 4
3 245 1276 2
3 725 1277 8
3 390 1277 6
3 763 1277 11
3 89 1277 4
3 15 1277 5
3 262 1277 8
3 692 1277 4
3 627 1277 3
3 159 1277 3
3 10 1277 9
3 91 1277 9
3 13 1277 9
3 788 1277 3
3 368 1277 7
3 781 1277 9
3 158 1277 1
3 662 1277 2
3 477 1277 4
3 245 1277 2
3 725 1289 8
3 390 1289 6
3 763 1289 11
3 89 1289 4
3 15 1289 5
3 262 1289 8
3 692 1289 4
3 627 1289 3
3 159 1289 3
3 10 1289 9
3 91 1289 9
3 13 1289 9
3 788 1289 3
3 368 1289 7
3 781 1289 9
3 158 1289 1
3 662 1289 2
3 477 1289 4
3 245 1289 2
3 725 1294 8
3 390 1294 6
3 763 1294 11
3 89 1294 4
3 15 1294 5
3 262 1294 8
3 692 1294 4
3 627 1294 3
3 159 1294 3
3 10 1294 9
3 91 1294 9
3 13 1294 9
3 788 1294 3
3 368 1294 7
3 781 1294 9
3 158 1294 1
3 662 1294 2
3 477 1294 4
3 245 1294 2
3 725 1343 8
3 390 1343 6
3 763 1343 11
3 89 1343 4
3 15 1343 5
3 262 1343 8
3 692 1343 4
3 627 1343 3
3 159 1343 3
3 10 1343 9
3 91 1343 9
3 13 1343 9
3 788 1343 3
3 368 1343 7
3 781 1343 9
3 158 1343 1
3 662 1343 2
3 477 1343 4
3 245 1343 2
3 725 1346 8
3 390 1346 6
3 763 1346 11
3 89 1346 4
3 15 1346 5
3 262 1346 8
3 692 1346 4
3 627 1346 3
3 159 1346 3
3 10 1346 9
3 91 1346 9
3 13 1346 9
3 788 1346 3
3 368 1346 7
3 781 1346 9
3 158 1346 1
3 662 1346 2
3 477 1346 4
3 245 1346 2
3 725 1349 8
3 390 1349 6
3 763 1349 11
3 89 1349 4
3 15 1349 5
3 262 1349 8
3 692 1349 4
3 627 1349 3
3 159 1349 3
3 10 1349 9
3 91 1349 9
3 13 1349 9
3 788 1349 3
3 368 1349 7
3 781 1349 9
3 158 1349 1
3 662 1349 2
3 477 1349 4
3 245 1349 2
3 725 1350 8
3 390 1350 6
3 763 1350 13
3 89 1350 4
3 15 1350 6
3 262 1350 8
3 692 1350 4
3 627 1350 3
3 159 1350 3
3 10 1350 9
3 91 1350 13
3 13 1350 9
3 788 1350 3
3 368 1350 10
3 781 1350 13
3 158 1350 1
3 662 1350 2
3 477 1350 4
3 245 1350 2
3 725 1351 8
3 390 1351 6
3 763 1351 13
3 89 1351 4
3 15 1351 6
3 262 1351 8
3 692 1351 4
3 627 1351 3
3 159 1351 3
3 10 1351 9
3 91 1351 13
3 13 1351 9
3 788 1351 3
3 368 1351 10
3 781 1351 13
3 158 1351 1
3 662 1351 2
3 477 1351 4
3 245 1351 2
3 725 1354 8
3 390 1354 6
3 763 1354 13
3 89 1354 4
3 15 1354 6
3 262 1354 8
3 692 1354 4
3 627 1354 3
3 159 1354 3
3 10 1354 9
3 91 1354 13
3 13 1354 9
3 788 1354 3
3 368 1354 10
3 781 1354 13
3 158 1354 1
3 662 1354 2
3 477 1354 4
3 245 1354 2
3 725 1357 8
3 390 1357 6
3 763 1357 13
3 89 1357 4
3 15 1357 6
3 262 1357 8
3 692 1357 4
3 627 1357 3
3 159 1357 3
3 10 1357 9
3 91 1357 13
3 13 1357 9
3 788 1357 3
3 368 1357 10
3 781 1357 13
3 158 1357 1
3 662 1357 2
3 477 1357 4
3 245 1357 2
3 725 1358 8
3 390 1358 6
3 763 1358 16
3 89 1358 4
3 15 1358 6
3 262 1358 12
3 692 1358 4
3 627 1358 3
3 159 1358 3
3 10 1358 9
3 91 1358 13
3 13 1358 12
3 788 1358 3
3 368 1358 10
3 781 1358 13
3 158 1358 1
3 662 1358 2
3 477 1358 4
3 245 1358 2
3 725 1359 8
3 390 1359 6
3 763 1359 16
3 89 1359 4
3 15 1359 6
3 262 1359 12
3 692 1359 4
3 627 1359 3
3 159 1359 3
3 10 1359 9
3 91 1359 13
3 13 1359 12
3 788 1359 3
3 368 1359 10
3 781 1359 13
3 158 1359 1
3 662 1359 2
3 477 1359 4
3 245 1359 2
3 725 1366 8
3 390 1366 6
3 763 1366 16
3 89 1366 4
3 15 1366 6
3 262 1366 12
3 692 1366 4
3 627 1366 3
3 159 1366 3
3 10 1366 9
3 91 1366 13
3 13 1366 12
3 788 1366 3
3 368 1366 10
3 781 1366 13
3 158 1366 1
3 662 1366 2
3 477 1366 4
3 245 1366 2
3 725 1368 8
3 390 1368 6
3 763 1368 16
3 89 1368 4
3 15 1368 6
3 262 1368 12
3 692 1368 4
3 627 1368 3
3 159 1368 3
3 10 1368 9
3 91 1368 13
3 13 1368 12
3 788 1368 3
3 368 1368 10
3 781 1368 13
3 158 1368 1
3 662 1368 2
3 477 1368 4
3 245 1368 2
3 725 1373 8
3 390 1373 6
3 763 1373 16
3 89 1373 4
3 15 1373 6
3 262 1373 12
3 692 1373 4
3 627 1373 3
3 159 1373 3
3 10 1373 9
3 91 1373 13
3 13 1373 12
3 788 1373 3
3 368 1373 10
3 781 1373 13
3 158 1373 1
3 662 1373 2
3 477 1373 4
3 245 1373 2
3 725 1375 8
3 390 1375 6
3 763 1375 16
3 89 1375 4
3 15 1375 6
3 262 1375 12
3 692 1375 4
3 627 1375 3
3 159 1375 3
3 10 1375 9
3 91 1375 13
3 13 1375 12
3 788 1375 3
3 368 1375 10
3 781 1375 13
3 158 1375 1
3 662 1375 2
3 477 1375 4
3 245 1375 2
3 725 1376 8
3 390 1376 6
3 763 1376 16
3 89 1376 4
3 15 1376 6
3 262 1376 12
3 692 1376 4
3 627 1376 3
3 159 1376 3
3 10 1376 9
3 91 1376 13
3 13 1376 12
3 788 1376 3
3 368 1376 10
3 781 1376 13
3 158 1376 1
3 662 1376 2
3 477 1376 4
3 245 1376 2
3 725 1377 12
3 390 1377 10
3 763 1377 16
3 89 1377 7
3 15 1377 6
3 262 1377 14
3 692 1377 4
3 627 1377 3
3 159 1377 3
3 10 1377 9
3 91 1377 17
3 13 1377 12
3 788 1377 3
3 368 1377 10
3 781 1377 17
3 158 1377 1
3 662 1377 2
3 477 1377 4
3 245 1377 2
3 725 1378 12
3 390 1378 10
3 763 1378 16
3 89 1378 7
3 15 1378 6
3 262 1378 14
3 692 1378 4
3 627 1378 3
3 159 1378 3
3 10 1378 9
3 91 1378 17
3 13 1378 12
3 788 1378 3
3 368 1378 10
3 781 1378 17
3 158 1378 1
3 662 1378 2
3 477 1378 4
3 245 1378 2
3 725 1408 12
3 390 1408 10
3 763 1408 16
3 89 1408 7
3 15 1408 6
3 262 1408 14
3 692 1408 4
3 627 1408 3
3 159 1408 3
3 10 1408 9
3 91 1408 17
3 13 1408 12
3 788 1408 3
3 368 1408 10
3 781 1408 17
3 158 1408 1
3 662 1408 2
3 477 1408 4
3 245 1408 2
3 725 1469 12
3 390 1469 10
3 763 1469 16
3 89 1469 7
3 15 1469 6
3 262 1469 14
3 692 1469 4
3 627 1469 3
3 159 1469 3
3 10 1469 9
3 91 1469 17
3 13 1469 12
3 788 1469 3
3 368 1469 10
3 781 1469 17
3 158 1469 1
3 662 1469 2
3 477 1469 4
3 245 1469 2
3 725 1487 12
3 390 1487 10
3 763 1487 16
3 89 1487 7
3 15 1487 6
3 262 1487 14
3 692 1487 4
3 627 1487 3
3 159 1487 3
3 10 1487 9
3 91 1487 17
3 13 1487 12
3 788 1487 3
3 368 1487 10
3 781 1487 17
3 158 1487 1
3 662 1487 2
3 477 1487 4
3 245 1487 2
3 725 1494 12
3 390 1494 10
3 763 1494 16
3 89 1494 7
3 15 1494 6
3 262 1494 14
3 692 1494 4
3 627 1494 3
3 159 1494 3
3 10 1494 9
3 91 1494 17
3 13 1494 12
3 788 1494 3
3 368 1494 10
3 781 1494 17
3 158 1494 1
3 662 1494 2
3 477 1494 4
3 245 1494 2
3 725 1495 15
3 390 1495 10
3 763 1495 16
3 89 1495 10
3 15 1495 6
3 262 1495 14
3 692 1495 4
3 627 1495 3
3 159 1495 3
3 10 1495 9
3 91 1495 20
3 13 1495 12
3 788 1495 3
3 368 1495 10
3 781 1495 17
3 158 1495 1
3 662 1495 2
3 477 1495 4
3 245 1495 2
3 725 1497 19
3 390 1497 11
3 763 1497 16
3 89 1497 10
3 15 1497 6
3 262 1497 16
3 692 1497 4
3 627 1497 3
3 159 1497 3
3 10 1497 9
3 91 1497 20
3 13 1497 12
3 788 1497 3
3 368 1497 10
3 781 1497 17
3 158 1497 1
3 662 1497 2
3 477 1497 4
3 245 1497 2
3 725 1499 19
3 390 1499 11
3 763 1499 16
3 89 1499 10
3 15 1499 6
3 262 1499 16
3 692 1499 4
3 627 1499 3
3 159 1499 3
3 10 1499 10
3 91 1499 20
3 13 1499 12
3 788 1499 3
3 368 1499 14
3 781 1499 19
3 158 1499 1
3 662 1499 2
3 477 1499 4
3 245 1499 2
3 725 1500 19
3 390 1500 11
3 763 1500 16
3 89 1500 10
3 15 1500 6
3 262 1500 16
3 692 1500 4
3 627 1500 3
3 159 1500 3
3 10 1500 10
3 91 1500 20
3 13 1500 12
3 788 1500 3
3 368 1500 14
3 781 1500 19
3 158 1500 1
3 662 1500 2
3 477 1500 5
3 245 1500 2
3 725 1542 19
3 390 1542 11
3 763 1542 16
3 89 1542 10
3 15 1542 6
3 262 1542 17
3 692 1542 5
3 627 1542 5
3 159 1542 5
3 10 1542 10
3 91 1542 20
3 13 1542 12
3 788 1542 3
3 368 1542 14
3 781 1542 19
3 158 1542 1
3 662 1542 2
3 477 1542 5
3 245 1542 2
3 725 1606 19
3 390 1606 11
3 763 1606 16
3 89 1606 10
3 15 1606 6
3 262 1606 17
3 692 1606 5
3 627 1606 5
3 159 1606 5
3 10 1606 11
3 91 1606 20
3 13 1606 12
3 788 1606 3
3 368 1606 14
3 781 1606 20
3 158 1606 1
3 662 1606 2
3 477 1606 5
3 245 1606 2
3 725 1637 19
3 390 1637 11
3 763 1637 16
3 89 1637 10
3 15 1637 6
3 262 1637 17
3 692 1637 5
3 627 1637 5
3 159 1637 5
3 10 1637 11
3 91 1637 20
3 13 1637 12
3 788 1637 3
3 368 1637 14
3 781 1637 20
3 158 1637 1
3 662 1637 2
3 477 1637 5
3 245 1637 3
3 725 2033 19
3 390 2033 13
3 763 2033 17
3 89 2033 10
3 15 2033 7
3 262 2033 17
3 692 2033 5
3 627 2033 5
3 159 2033 5
3 10 2033 11
3 91 2033 20
3 13 2033 12
3 788 2033 3
3 368 2033 14
3 781 2033 20
3 158 2033 1
3 662 2033 2
3 477 2033 5
3 245 2033 3
3 725 2051 19
3 390 2051 13
3 763 2051 17
3 89 2051 10
3 15 2051 7
3 262 2051 17
3 692 2051 5
3 627 2051 5
3 159 2051 5
3 10 2051 11
3 91 2051 20
3 13 2051 12
3 788 2051 3
3 368 2051 16
3 781 2051 20
3 158 2051 1
3 662 2051 6
3 477 2051 5
3 245 2051 3
3 725 2107 19
3 390 2107 13
3 763 2107 17
3 89 2107 10
3 15 2107 7
3 262 2107 17
3 692 2107 5
3 627 2107 5
3 159 2107 5
3 10 2107 11
3 91 2107 20
3 13 2107 12
3 788 2107 3
3 368 2107 16
3 781 2107 20
3 158 2107 1
3 662 2107 6
3 477 2107 6
3 245 2107 3
3 725 2773 19
3 390 2773 17
3 763 2773 17
3 89 2773 13
3 15 2773 7
3 262 2773 21
3 692 2773 5
3 627 2773 5
3 159 2773 5
3 10 2773 11
3 91 2773 20
3 13 2773 12
3 788 2773 3
3 368 2773 20
3 781 2773 20
3 158 2773 1
3 662 2773 6
3 477 2773 6
3 245 2773 3
3 725 2774 19
3 390 2774 17
3 763 2774 17
3 89 2774 13
3 15 2774 7
3 262 2774 21
3 692 2774 5
3 627 2774 5
3 159 2774 5
3 10 2774 11
3 91 2774 20
3 13 2774 12
3 788 2774 3
3 368 2774 20
3 781 2774 20
3 158 2774 1
3 662 2774 6
3 477 2774 6
3 245 2774 3
3 725 2858 19
3 390 2858 17
3 763 2858 17
3 89 2858 13
3 15 2858 7
3 262 2858 21
3 692 2858 5
3 627 2858 5
3 159 2858 5
3 10 2858 11
3 91 2858 20
3 13 2858 12
3 788 2858 3
3 368 2858 20
3 781 2858 20
3 158 2858 1
3 662 2858 6
3 477 2858 6
3 245 2858 3
3 725 2868 19
3 390 2868 17
3 763 2868 17
3 89 2868 13
3 15 2868 7
3 262 2868 21
3 692 2868 5
3 627 2868 5
3 159 2868 5
3 10 2868 11
3 91 2868 20
3 13 2868 12
3 788 2868 3
3 368 2868 20
3 781 2868 20
3 158 2868 1
3 662 2868 6
3 477 2868 6
3 245 2868 3
3 725 2880 19
3 390 2880 17
3 763 2880 17
3 89 2880 13
3 15 2880 7
3 262 2880 21
3 692 2880 5
3 627 2880 5
3 159 2880 5
3 10 2880 11
3 91 2880 20
3 13 2880 12
3 788 2880 3
3 368 2880 20
3 781 2880 20
3 158 2880 1
3 662 2880 6
3 477 2880 6
3 245 2880 3
2 156 0 1
2 145 0 1
2 77 0 2
2 98 0 2
2 232 0 2
2 111 0 1
2 349 0 1
2 65 0 2
2 42 0 1
2 307 0 1
2 846 0 2
2 295 0 2
2 92 0 2
2 382 0 1
2 867 0 2
2 730 0 1
2 25 0 2
2 120 0 1
2 698 0 1
2 156 1 1
2 145 1 1
2 77 1 2
2 98 1 2
2 232 1 2
2 111 1 1
2 349 1 1
2 65 1 2
2 42 1 1
2 307 1 1
2 846 1 2
2 295 1 2
2 92 1 2
2 382 1 1
2 867 1 2
2 730 1 1
2 25 1 2
2 120 1 1
2 698 1 1
2 156 3 1
2 145 3 1
2 77 3 2
2 98 3 2
2 232 3 2
2 111 3 1
2 349 3 1
2 65 3 4
2 42 3 1
2 307 3 1
2 846 3 2
2 295 3 2
2 92 3 2
2 382 3 1
2 867 3 2
2 730 3 1
2 25 3 2
2 120 3 1
2 698 3 1
2 156 70 1
2 145 70 1
2 77 70 2
2 98 70 2
2 232 70 2
2 111 70 1
2 349 70 1
2 65 70 4
2 42 70 1
2 307 70 1
2 846 70 2
2 295 70 2
2 92 70 2
2 382 70 1
2 867 70 2
2 730 70 1
2 25 70 2
2 120 70 1
2 698 70 1
2 156 82 1
2 145 82 1
2 77 82 2
2 98 82 2
2 232 82 2
2 111 82 1
2 349 82 2
2 65 82 5
2 42 82 3
2 307 82 3
2 846 82 2
2 295 82 2
2 92 82 2
2 382 82 1
2 867 82 2
2 730 82 1
2 25 82 2
2 120 82 1
2 698 82 1
2 156 83 1
2 145 83 1
2 77 83 2
2 98 83 2
2 232 83 2
2 111 83 1
2 349 83 2
2 65 83 5
2 42 83 3
2 307 83 3
2 846 83 2
2 295 83 4
2 92 83 2
2 382 83 1
2 867 83 4
2 730 83 3
2 25 83 2
2 120 83 1
2 698 83 1
2 156 167 1
2 145 167 1
2 77 167 2
2 98 167 4
2 232 167 2
2 111 167 1
2 349 167 2
2 65 167 5
2 42 167 3
2 307 167 3
2 846 167 2
2 295 167 4
2 92 167 2
2 382 167 1
2 867 167 4
2 730 167 3
2 25 167 2
2 120 167 1
2 698 167 1
2 156 286 1
2 145 286 1
2 77 286 2
2 98 286 4
2 232 286 2
2 111 286 1
2 349 286 6
2 65 286 6
2 42 286 3
2 307 286 3
2 846 286 6
2 295 286 4
2 92 286 2
2 382 286 1
2 867 286 4
2 730 286 3
2 25 286 2
2 120 286 1
2 698 286 1
2 156 322 1
2 145 322 1
2 77 322 2
2 98 322 4
2 232 322 2
2 111 322 1
2 349 322 6
2 65 322 6
2 42 322 3
2 307 322 3
2 846 322 6
2 295 322 4
2 92 322 2
2 382 322 1
2 867 322 6
2 730 322 3
2 25 322 4
2 120 322 1
2 698 322 3
2 156 611 1
2 145 611 1
2 77 611 2
2 98 611 4
2 232 611 2
2 111 611 1
2 349 611 6
2 65 611 6
2 42 611 3
2 307 611 3
2 846 611 6
2 295 611 4
2 92 611 2
2 382 611 1
2 867 611 6
2 730 611 3
2 25 611 4
2 120 611 1
2 698 611 3
2 156 614 1
2 145 614 1
2 77 614 2
2 98 614 4
2 232 614 2
2 111 614 1
2 349 614 6
2 65 614 6
2 42 614 3
2 307 614 3
2 846 614 6
2 295 614 4
2 92 614 2
2 382 614 1
2 867 614 6
2 730 614 3
2 25 614 4
2 120 614 1
2 698 614 3
2 156 615 1
2 145 615 1
2 77 615 2
2 98 615 4
2 232 615 2
2 111 615 1
2 349 615 6
2 65 615 6
2 42 615 3
2 307 615 3
2 846 615 6
2 295 615 4
2 92 615 2
2 382 615 1
2 867 615 6
2 730 615 3
2 25 615 4
2 120 615 1
2 698 615 3
2 156 616 1
2 145 616 1
2 77 616 2
2 98 616 4
2 232 616 2
2 111 616 1
2 349 616 6
2 65 616 6
2 42 616 3
2 307 616 3
2 846 616 6
2 295 616 4
2 92 616 2
2 382 616 1
2 867 616 6
2 730 616 3
2 25 616 4
2 120 616 1
2 698 616 3
2 156 617 1
2 145 617 1
2 77 617 2
2 98 617 4
2 232 617 2
2 111 617 1
2 349 617 6
2 65 617 7
2 42 617 4
2 307 617 3
2 846 617 6
2 295 617 4
2 92 617 2
2 382 617 1
2 867 617 6
2 730 617 3
2 25 617 5
2 120 617 1
2 698 617 3
2 156 625 1
2 145 625 1
2 77 625 2
2 98 625 4
2 232 625 2
2 111 625 1
2 349 625 6
2 65 625 7
2 42 625 4
2 307 625 3
2 846 625 6
2 295 625 4
2 92 625 2
2 382 625 1
2 867 625 6
2 730 625 3
2 25 625 5
2 120 625 1
2 698 625 3
2 156 767 1
2 145 767 1
2 77 767 2
2 98 767 4
2 232 767 2
2 111 767 1
2 349 767 6
2 65 767 7
2 42 767 4
2 307 767 3
2 846 767 6
2 295 767 4
2 92 767 2
2 382 767 1
2 867 767 6
2 730 767 3
2 25 767 5
2 120 767 1
2 698 767 3
2 156 804 1
2 145 804 1
2 77 804 2
2 98 804 4
2 232 804 2
2 111 804 1
2 349 804 6
2 65 804 7
2 42 804 4
2 307 804 3
2 846 804 6
2 295 804 4
2 92 804 2
2 382 804 1
2 867 804 6
2 730 804 3
2 25 804 5
2 120 804 1
2 698 804 3
2 156 842 1
2 145 842 1
2 77 842 2
2 98 842 4
2 232 842 2
2 111 842 1
2 349 842 6
2 65 842 7
2 42 842 4
2 307 842 3
2 846 842 6
2 295 842 4
2 92 842 2
2 382 842 1
2 867 842 6
2 730 842 3
2 25 842 5
2 120 842 1
2 698 842 3
2 156 858 1
2 145 858 1
2 77 858 2
2 98 858 4
2 232 858 2
2 111 858 1
2 349 858 6
2 65 858 7
2 42 858 4
2 307 858 3
2 846 858 6
2 295 858 4
2 92 858 2
2 382 858 1
2 867 858 6
2 730 858 3
2 25 858 5
2 120 858 1
2 698 858 3
2 156 955 1
2 145 955 1
2 77 955 2
2 98 955 4
2 232 955 2
2 111 955 1
2 349 955 6
2 65 955 7
2 42 955 4
2 307 955 3
2 846 955 6
2 295 955 4
2 92 955 2
2 382 955 1
2 867 955 6
2 730 955 3
2 25 955 5
2 120 955 1
2 698 955 3
2 156 1004 1
2 145 1004 1
2 77 1004 2
2 98 1004 4
2 232 1004 2
2 111 1004 1
2 349 1004 6
2 65 1004 7
2 42 1004 4
2 307 1004 3
2 846 1004 6
2 295 1004 4
2 92 1004 2
2 382 1004 1
2 867 1004 6
2 730 1004 3
2 25 1004 5
2 120 1004 1
2 698 1004 3
2 156 1005 1
2 145 1005 1
2 77 1005 2
2 98 1005 4
2 232 1005 2
2 111 1005 1
2 349 1005 6
2 65 1005 7
2 42 1005 4
2 307 1005 4
2 846 1005 6
2 295 1005 4
2 92 1005 2
2 382 1005 1
2 867 1005 6
2 730 1005 3
2 25 1005 5
2 120 1005 1
2 698 1005 3
2 156 1009 1
2 145 1009 2
2 77 1009 2
2 98 1009 4
2 232 1009 3
2 111 1009 1
2 349 1009 6
2 65 1009 7
2 42 1009 4
2 307 1009 4
2 846 1009 6
2 295 1009 4
2 92 1009 2
2 382 1009 1
2 867 1009 6
2 730 1009 3
2 25 1009 5
2 120 1009 1
2 698 1009 3
2 156 1084 1
2 145 1084 2
2 77 1084 2
2 98 1084 4
2 232 1084 3
2 111 1084 1
2 349 1084 7
2 65 1084 8
2 42 1084 6
2 307 1084 4
2 846 1084 7
2 295 1084 4
2 92 1084 2
2 382 1084 1
2 867 1084 6
2 730 1084 3
2 25 1084 5
2 120 1084 1
2 698 1084 3
2 156 1090 1
2 145 1090 2
2 77 1090 2
2 98 1090 4
2 232 1090 3
2 111 1090 1
2 349 1090 7
2 65 1090 8
2 42 1090 6
2 307 1090 4
2 846 1090 7
2 295 1090 4
2 92 1090 2
2 382 1090 1
2 867 1090 8
2 730 1090 5
2 25 1090 5
2 120 1090 1
2 698 1090 3
2 156 1271 1
2 145 1271 2
2 77 1271 2
2 98 1271 4
2 232 1271 3
2 111 1271 1
2 349 1271 7
2 65 1271 8
2 42 1271 6
2 307 1271 4
2 846 1271 7
2 295 1271 4
2 92 1271 2
2 382 1271 1
2 867 1271 8
2 730 1271 5
2 25 1271 5
2 120 1271 1
2 698 1271 3
2 156 1272 1
2 145 1272 2
2 77 1272 2
2 98 1272 4
2 232 1272 3
2 111 1272 1
2 349 1272 8
2 65 1272 8
2 42 1272 9
2 307 1272 6
2 846 1272 10
2 295 1272 4
2 92 1272 2
2 382 1272 1
2 867 1272 8
2 730 1272 5
2 25 1272 8
2 120 1272 1
2 698 1272 3
2 156 1276 1
2 145 1276 2
2 77 1276 2
2 98 1276 4
2 232 1276 3
2 111 1276 1
2 349 1276 8
2 65 1276 8
2 42 1276 9
2 307 1276 6
2 846 1276 10
2 295 1276 4
2 92 1276 2
2 382 1276 1
2 867 1276 8
2 730 1276 5
2 25 1276 8
2 120 1276 1
2 698 1276 3
2 156 1279 1
2 145 1279 2
2 77 1279 2
2 98 1279 4
2 232 1279 3
2 111 1279 1
2 349 1279 8
2 65 1279 8
2 42 1279 9
2 307 1279 6
2 846 1279 10
2 295 1279 4
2 92 1279 2
2 382 1279 1
2 867 1279 8
2 730 1279 5
2 25 1279 8
2 120 1279 1
2 698 1279 3
2 156 1311 1
2 145 1311 2
2 77 1311 2
2 98 1311 4
2 232 1311 3
2 111 1311 1
2 349 1311 8
2 65 1311 8
2 42 1311 9
2 307 1311 6
2 846 1311 10
2 295 1311 4
2 92 1311 2
2 382 1311 1
2 867 1311 8
2 730 1311 5
2 25 1311 8
2 120 1311 1
2 698 1311 3
2 156 1316 1
2 145 1316 2
2 77 1316 2
2 98 1316 4
2 232 1316 3
2 111 1316 1
2 349 1316 8
2 65 1316 8
2 42 1316 9
2 307 1316 6
2 846 1316 10
2 295 1316 4
2 92 1316 2
2 382 1316 1
2 867 1316 8
2 730 1316 5
2 25 1316 8
2 120 1316 1
2 698 1316 3
2 156 1317 1
2 145 1317 2
2 77 1317 2
2 98 1317 4
2 232 1317 3
2 111 1317 1
2 349 1317 8
2 65 1317 10
2 42 1317 9
2 307 1317 6
2 846 1317 10
2 295 1317 4
2 92 1317 2
2 382 1317 1
2 867 1317 8
2 730 1317 5
2 25 1317 8
2 120 1317 1
2 698 1317 3
2 156 1321 1
2 145 1321 4
2 77 1321 2
2 98 1321 5
2 232 1321 4
2 111 1321 1
2 349 1321 8
2 65 1321 10
2 42 1321 9
2 307 1321 6
2 846 1321 10
2 295 1321 4
2 92 1321 2
2 382 1321 1
2 867 1321 8
2 730 1321 5
2 25 1321 8
2 120 1321 1
2 698 1321 3
2 156 1345 1
2 145 1345 4
2 77 1345 2
2 98 1345 5
2 232 1345 4
2 111 1345 1
2 349 1345 8
2 65 1345 10
2 42 1345 9
2 307 1345 6
2 846 1345 10
2 295 1345 4
2 92 1345 2
2 382 1345 1
2 867 1345 8
2 730 1345 5
2 25 1345 8
2 120 1345 1
2 698 1345 3
2 156 1363 1
2 145 1363 4
2 77 1363 2
2 98 1363 5
2 232 1363 4
2 111 1363 1
2 349 1363 8
2 65 1363 10
2 42 1363 9
2 307 1363 6
2 846 1363 10
2 295 1363 5
2 92 1363 3
2 382 1363 1
2 867 1363 9
2 730 1363 5
2 25 1363 10
2 120 1363 1
2 698 1363 3
2 156 1516 1
2 145 1516 4
2 77 1516 2
2 98 1516 5
2 232 1516 4
2 111 1516 1
2 349 1516 8
2 65 1516 10
2 42 1516 9
2 307 1516 6
2 846 1516 10
2 295 1516 5
2 92 1516 3
2 382 1516 1
2 867 1516 9
2 730 1516 5
2 25 1516 10
2 120 1516 1
2 698 1516 3
2 156 1591 1
2 145 1591 4
2 77 1591 2
2 98 1591 5
2 232 1591 4
2 111 1591 1
2 349 1591 8
2 65 1591 10
2 42 1591 9
2 307 1591 6
2 846 1591 10
2 295 1591 5
2 92 1591 3
2 382 1591 1
2 867 1591 9
2 730 1591 5
2 25 1591 10
2 120 1591 1
2 698 1591 3
2 156 1592 1
2 145 1592 4
2 77 1592 2
2 98 1592 5
2 232 1592 4
2 111 1592 1
2 349 1592 8
2 65 1592 10
2 42 1592 9
2 307 1592 6
2 846 1592 10
2 295 1592 5
2 92 1592 3
2 382 1592 1
2 867 1592 9
2 730 1592 5
2 25 1592 10
2 120 1592 1
2 698 1592 3
2 156 1593 1
2 145 1593 4
2 77 1593 2
2 98 1593 5
2 232 1593 4
2 111 1593 1
2 349 1593 8
2 65 1593 10
2 42 1593 9
2 307 1593 8
2 846 1593 12
2 295 1593 5
2 92 1593 3
2 382 1593 1
2 867 1593 12
2 730 1593 5
2 25 1593 10
2 120 1593 1
2 698 1593 3
2 156 1594 1
2 145 1594 4
2 77 1594 2
2 98 1594 5
2 232 1594 4
2 111 1594 1
2 349 1594 8
2 65 1594 10
2 42 1594 9
2 307 1594 8
2 846 1594 12
2 295 1594 5
2 92 1594 3
2 382 1594 1
2 867 1594 12
2 730 1594 5
2 25 1594 10
2 120 1594 1
2 698 1594 3
2 156 1740 1
2 145 1740 4
2 77 1740 2
2 98 1740 5
2 232 1740 4
2 111 1740 1
2 349 1740 8
2 65 1740 10
2 42 1740 9
2 307 1740 8
2 846 1740 12
2 295 1740 5
2 92 1740 3
2 382 1740 1
2 867 1740 12
2 730 1740 5
2 25 1740 10
2 120 1740 1
2 698 1740 3
2 156 1742 1
2 145 1742 4
2 77 1742 2
2 98 1742 5
2 232 1742 4
2 111 1742 1
2 349 1742 8
2 65 1742 10
2 42 1742 9
2 307 1742 8
2 846 1742 12
2 295 1742 5
2 92 1742 3
2 382 1742 1
2 867 1742 12
2 730 1742 5
2 25 1742 10
2 120 1742 1
2 698 1742 3
2 156 1765 1
2 145 1765 4
2 77 1765 2
2 98 1765 5
2 232 1765 4
2 111 1765 1
2 349 1765 8
2 65 1765 10
2 42 1765 9
2 307 1765 8
2 846 1765 12
2 295 1765 5
2 92 1765 3
2 382 1765 1
2 867 1765 12
2 730 1765 5
2 25 1765 10
2 120 1765 1
2 698 1765 3
2 156 1776 1
2 145 1776 4
2 77 1776 2
2 98 1776 5
2 232 1776 4
2 111 1776 1
2 349 1776 8
2 65 1776 10
2 42 1776 9
2 307 1776 8
2 846 1776 12
2 295 1776 5
2 92 1776 3
2 382 1776 1
2 867 1776 12
2 730 1776 5
2 25 1776 10
2 120 1776 1
2 698 1776 3
2 156 1777 1
2 145 1777 4
2 77 1777 2
2 98 1777 5
2 232 1777 4
2 111 1777 1
2 349 1777 8
2 65 1777 10
2 42 1777 9
2 307 1777 8
2 846 1777 12
2 295 1777 5
2 92 1777 3
2 382 1777 1
2 867 1777 12
2 730 1777 5
2 25 1777 10
2 120 1777 1
2 698 1777 3
2 156 1778 1
2 145 1778 4
2 77 1778 2
2 98 1778 5
2 232 1778 4
2 111 1778 1
2 349 1778 8
2 65 1778 10
2 42 1778 9
2 307 1778 8
2 846 1778 12
2 295 1778 5
2 92 1778 3
2 382 1778 1
2 867 1778 12
2 730 1778 5
2 25 1778 10
2 120 1778 1
2 698 1778 3
2 156 1779 1
2 145 1779 4
2 77 1779 2
2 98 1779 8
2 232 1779 4
2 111 1779 1
2 349 1779 8
2 65 1779 10
2 42 1779 9
2 307 1779 9
2 846 1779 12
2 295 1779 5
2 92 1779 3
2 382 1779 1
2 867 1779 15
2 730 1779 5
2 25 1779 10
2 120 1779 1
2 698 1779 3
2 156 1780 1
2 145 1780 4
2 77 1780 2
2 98 1780 8
2 232 1780 4
2 111 1780 1
2 349 1780 11
2 65 1780 11
2 42 1780 9
2 307 1780 12
2 846 1780 12
2 295 1780 5
2 92 1780 3
2 382 1780 1
2 867 1780 15
2 730 1780 5
2 25 1780 10
2 120 1780 1
2 698 1780 3
2 156 1808 1
2 145 1808 4
2 77 1808 2
2 98 1808 8
2 232 1808 4
2 111 1808 1
2 349 1808 11
2 65 1808 11
2 42 1808 9
2 307 1808 12
2 846 1808 12
2 295 1808 5
2 92 1808 3
2 382 1808 1
2 867 1808 15
2 730 1808 5
2 25 1808 10
2 120 1808 1
2 698 1808 3
2 156 1836 1
2 145 1836 4
2 77 1836 2
2 98 1836 8
2 232 1836 4
2 111 1836 1
2 349 1836 11
2 65 1836 11
2 42 1836 9
2 307 1836 12
2 846 1836 12
2 295 1836 5
2 92 1836 3
2 382 1836 1
2 867 1836 15
2 730 1836 5
2 25 1836 10
2 120 1836 1
2 698 1836 3
2 156 1854 1
2 145 1854 4
2 77 1854 2
2 98 1854 8
2 232 1854 4
2 111 1854 1
2 349 1854 11
2 65 1854 11
2 42 1854 9
2 307 1854 12
2 846 1854 12
2 295 1854 7
2 92 1854 5
2 382 1854 1
2 867 1854 17
2 730 1854 5
2 25 1854 12
2 120 1854 3
2 698 1854 3
2 156 1909 1
2 145 1909 4
2 77 1909 2
2 98 1909 8
2 232 1909 4
2 111 1909 1
2 349 1909 11
2 65 1909 11
2 42 1909 9
2 307 1909 12
2 846 1909 12
2 295 1909 7
2 92 1909 5
2 382 1909 1
2 867 1909 17
2 730 1909 5
2 25 1909 12
2 120 1909 3
2 698 1909 3
2 156 1953 1
2 145 1953 6
2 77 1953 2
2 98 1953 8
2 232 1953 4
2 111 1953 1
2 349 1953 11
2 65 1953 11
2 42 1953 9
2 307 1953 12
2 846 1953 12
2 295 1953 7
2 92 1953 5
2 382 1953 1
2 867 1953 17
2 730 1953 5
2 25 1953 12
2 120 1953 3
2 698 1953 3
2 156 1957 1
2 145 1957 6
2 77 1957 2
2 98 1957 8
2 232 1957 4
2 111 1957 1
2 349 1957 11
2 65 1957 11
2 42 1957 9
2 307 1957 12
2 846 1957 13
2 295 1957 7
2 92 1957 5
2 382 1957 1
2 867 1957 17
2 730 1957 5
2 25 1957 12
2 120 1957 3
2 698 1957 3
2 156 1963 1
2 145 1963 6
2 77 1963 2
2 98 1963 8
2 232 1963 4
2 111 1963 1
2 349 1963 11
2 65 1963 11
2 42 1963 9
2 307 1963 12
2 846 1963 13
2 295 1963 7
2 92 1963 6
2 382 1963 1
2 867 1963 17
2 730 1963 5
2 25 1963 12
2 120 1963 3
2 698 1963 3
2 156 2027 1
2 145 2027 6
2 77 2027 2
2 98 2027 9
2 232 2027 4
2 111 2027 1
2 349 2027 11
2 65 2027 11
2 42 2027 11
2 307 2027 12
2 846 2027 13
2 295 2027 7
2 92 2027 6
2 382 2027 1
2 867 2027 17
2 730 2027 5
2 25 2027 15
2 120 2027 3
2 698 2027 3
2 156 2028 1
2 145 2028 6
2 77 2028 2
2 98 2028 9
2 232 2028 4
2 111 2028 1
2 349 2028 11
2 65 2028 11
2 42 2028 11
2 307 2028 12
2 846 2028 13
2 295 2028 7
2 92 2028 6
2 382 2028 1
2 867 2028 17
2 730 2028 5
2 25 2028 15
2 120 2028 3
2 698 2028 3
2 156 2035 1
2 145 2035 6
2 77 2035 2
2 98 2035 9
2 232 2035 4
2 111 2035 1
2 349 2035 11
2 65 2035 11
2 42 2035 11
2 307 2035 12
2 846 2035 13
2 295 2035 7
2 92 2035 6
2 382 2035 1
2 867 2035 17
2 730 2035 5
2 25 2035 15
2 120 2035 3
2 698 2035 3
2 156 2036 1
2 145 2036 6
2 77 2036 2
2 98 2036 9
2 232 2036 4
2 111 2036 1
2 349 2036 11
2 65 2036 11
2 42 2036 11
2 307 2036 12
2 846 2036 13
2 295 2036 7
2 92 2036 6
2 382 2036 1
2 867 2036 17
2 730 2036 5
2 25 2036 15
2 120 2036 3
2 698 2036 3
2 156 2037 1
2 145 2037 6
2 77 2037 2
2 98 2037 9
2 232 2037 4
2 111 2037 1
2 349 2037 11
2 65 2037 11
2 42 2037 11
2 307 2037 12
2 846 2037 13
2 295 2037 7
2 92 2037 6
2 382 2037 1
2 867 2037 17
2 730 2037 5
2 25 2037 15
2 120 2037 3
2 698 2037 3
2 156 2040 1
2 145 2040 6
2 77 2040 2
2 98 2040 9
2 232 2040 4
2 111 2040 1
2 349 2040 11
2 65 2040 11
2 42 2040 11
2 307 2040 12
2 846 2040 13
2 295 2040 7
2 92 2040 6
2 382 2040 1
2 867 2040 17
2 730 2040 5
2 25 2040 15
2 120 2040 3
2 698 2040 3
2 156 2042 1
2 145 2042 6
2 77 2042 2
2 98 2042 9
2 232 2042 4
2 111 2042 1
2 349 2042 11
2 65 2042 11
2 42 2042 11
2 307 2042 12
2 846 2042 13
2 295 2042 7
2 92 2042 6
2 382 2042 1
2 867 2042 17
2 730 2042 5
2 25 2042 15
2 120 2042 3
2 698 2042 3
2 156 2043 1
2 145 2043 6
2 77 2043 2
2 98 2043 9
2 232 2043 4
2 111 2043 1
2 349 2043 11
2 65 2043 11
2 42 2043 11
2 307 2043 12
2 846 2043 13
2 295 2043 7
2 92 2043 6
2 382 2043 1
2 867 2043 17
2 730 2043 5
2 25 2043 15
2 120 2043 3
2 698 2043 3
2 156 2044 1
2 145 2044 6
2 77 2044 2
2 98 2044 9
2 232 2044 4
2 111 2044 1
2 349 2044 11
2 65 2044 11
2 42 2044 11
2 307 2044 13
2 846 2044 13
2 295 2044 7
2 92 2044 6
2 382 2044 1
2 867 2044 17
2 730 2044 5
2 25 2044 15
2 120 2044 3
2 698 2044 3
2 156 2047 1
2 145 2047 7
2 77 2047 2
2 98 2047 9
2 232 2047 8
2 111 2047 1
2 349 2047 11
2 65 2047 11
2 42 2047 11
2 307 2047 13
2 846 2047 13
2 295 2047 7
2 92 2047 6
2 382 2047 1
2 867 2047 17
2 730 2047 5
2 25 2047 15
2 120 2047 3
2 698 2047 3
2 156 2124 3
2 145 2124 7
2 77 2124 2
2 98 2124 9
2 232 2124 8
2 111 2124 1
2 349 2124 11
2 65 2124 11
2 42 2124 11
2 307 2124 13
2 846 2124 13
2 295 2124 7
2 92 2124 6
2 382 2124 1
2 867 2124 17
2 730 2124 5
2 25 2124 15
2 120 2124 3
2 698 2124 3
2 156 2137 3
2 145 2137 7
2 77 2137 2
2 98 2137 9
2 232 2137 8
2 111 2137 1
2 349 2137 11
2 65 2137 11
2 42 2137 11
2 307 2137 13
2 846 2137 13
2 295 2137 7
2 92 2137 6
2 382 2137 1
2 867 2137 17
2 730 2137 5
2 25 2137 15
2 120 2137 3
2 698 2137 3
2 156 2171 3
2 145 2171 7
2 77 2171 2
2 98 2171 9
2 232 2171 8
2 111 2171 1
2 349 2171 11
2 65 2171 11
2 42 2171 11
2 307 2171 13
2 846 2171 13
2 295 2171 7
2 92 2171 6
2 382 2171 1
2 867 2171 17
2 730 2171 5
2 25 2171 15
2 120 2171 3
2 698 2171 4
2 156 2396 3
2 145 2396 7
2 77 2396 2
2 98 2396 9
2 232 2396 8
2 111 2396 1
2 349 2396 11
2 65 2396 11
2 42 2396 11
2 307 2396 13
2 846 2396 13
2 295 2396 7
2 92 2396 6
2 382 2396 1
2 867 2396 17
2 730 2396 5
2 25 2396 15
2 120 2396 3
2 698 2396 4
2 156 2771 3
2 145 2771 7
2 77 2771 2
2 98 2771 9
2 232 2771 8
2 111 2771 1
2 349 2771 11
2 65 2771 11
2 42 2771 11
2 307 2771 13
2 846 2771 13
2 295 2771 7
2 92 2771 6
2 382 2771 1
2 867 2771 17
2 730 2771 5
2 25 2771 15
2 120 2771 3
2 698 2771 4
2 156 2855 3
2 145 2855 7
2 77 2855 2
2 98 2855 9
2 232 2855 8
2 111 2855 1
2 349 2855 11
2 65 2855 11
2 42 2855 11
2 307 2855 13
2 846 2855 13
2 295 2855 7
2 92 2855 6
2 382 2855 1
2 867 2855 17
2 730 2855 5
2 25 2855 15
2 120 2855 3
2 698 2855 4
2 156 2875 3
2 145 2875 7
2 77 2875 2
2 98 2875 9
2 232 2875 8
2 111 2875 1
2 349 2875 11
2 65 2875 11
2 42 2875 11
2 307 2875 13
2 846 2875 13
2 295 2875 7
2 92 2875 6
2 382 2875 1
2 867 2875 17
2 730 2875 5
2 25 2875 15
2 120 2875 3
2 698 2875 4
2 156 2880 3
2 145 2880 7
2 77 2880 2
2 98 2880 9
2 232 2880 8
2 111 2880 1
2 349 2880 11
2 65 2880 11
2 42 2880 11
2 307 2880 13
2 846 2880 13
2 295 2880 7
2 92 2880 6
2 382 2880 1
2 867 2880 17
2 730 2880 5
2 25 2880 15
2 120 2880 3
2 698 2880 4
1 826 0 2
1 404 0 2
1 63 0 4
1 483 0 2
1 236 0 1
1 22 0 2
1 228 0 1
1 570 0 1
1 563 0 2
1 33 0 1
1 754 0 2
1 285 0 4
1 294 0 1
1 74 0 2
1 65 0 2
1 595 0 1
1 747 0 2
1 692 0 1
1 202 0 2
1 826 1 2
1 404 1 2
1 63 1 4
1 483 1 2
1 236 1 1
1 22 1 2
1 228 1 1
1 570 1 1
1 563 1 2
1 33 1 1
1 754 1 2
1 285 1 4
1 294 1 1
1 74 1 2
1 65 1 2
1 595 1 1
1 747 1 2
1 692 1 1
1 202 1 2
1 826 46 2
1 404 46 2
1 63 46 4
1 483 46 2
1 236 46 1
1 22 46 2
1 228 46 1
1 570 46 1
1 563 46 2
1 33 46 1
1 754 46 2
1 285 46 4
1 294 46 1
1 74 46 2
1 65 46 2
1 595 46 1
1 747 46 2
1 692 46 1
1 202 46 2
1 826 103 2
1 404 103 2
1 63 103 4
1 483 103 2
1 236 103 1
1 22 103 2
1 228 103 1
1 570 103 1
1 563 103 2
1 33 103 1
1 754 103 2
1 285 103 4
1 294 103 1
1 74 103 2
1 65 103 2
1 595 103 1
1 747 103 2
1 692 103 1
1 202 103 2
1 826 152 2
1 404 152 2
1 63 152 4
1 483 152 2
1 236 152 1
1 22 152 2
1 228 152 1
1 570 152 1
1 563 152 2
1 33 152 1
1 754 152 2
1 285 152 4
1 294 152 1
1 74 152 2
1 65 152 2
1 595 152 1
1 747 152 2
1 692 152 1
1 202 152 2
1 826 156 2
1 404 156 2
1 63 156 4
1 483 156 2
1 236 156 1
1 22 156 2
1 228 156 1
1 570 156 1
1 563 156 2
1 33 156 1
1 754 156 2
1 285 156 4
1 294 156 1
1 74 156 2
1 65 156 2
1 595 156 1
1 747 156 2
1 692 156 1
1 202 156 2
1 826 157 2
1 404 157 2
1 63 157 4
1 483 157 2
1 236 157 1
1 22 157 2
1 228 157 1
1 570 157 1
1 563 157 2
1 33 157 1
1 754 157 2
1 285 157 4
1 294 157 1
1 74 157 2
1 65 157 2
1 595 157 1
1 747 157 2
1 692 157 1
1 202 157 2
1 826 158 2
1 404 158 2
1 63 158 4
1 483 158 2
1 236 158 1
1 22 158 3
1 228 158 1
1 570 158 1
1 563 158 2
1 33 158 1
1 754 158 2
1 285 158 4
1 294 158 1
1 74 158 2
1 65 158 2
1 595 158 1
1 747 158 2
1 692 158 1
1 202 158 2
1 826 159 2
1 404 159 2
1 63 159 4
1 483 159 2
1 236 159 1
1 22 159 3
1 228 159 1
1 570 159 1
1 563 159 2
1 33 159 1
1 754 159 2
1 285 159 4
1 294 159 1
1 74 159 2
1 65 159 2
1 595 159 1
1 747 159 2
1 692 159 1
1 202 159 2
1 826 199 2
1 404 199 2
1 63 199 4
1 483 199 2
1 236 199 1
1 22 199 3
1 228 199 1
1 570 199 1
1 563 199 2
1 33 199 1
1 754 199 2
1 285 199 4
1 294 199 1
1 74 199 2
1 65 199 2
1 595 199 1
1 747 199 2
1 692 199 1
1 202 199 2
1 826 276 2
1 404 276 2
1 63 276 4
1 483 276 2
1 236 276 1
1 22 276 3
1 228 276 1
1 570 276 1
1 563 276 2
1 33 276 1
1 754 276 2
1 285 276 4
1 294 276 1
1 74 276 2
1 65 276 2
1 595 276 1
1 747 276 2
1 692 276 1
1 202 276 2
1 826 312 2
1 404 312 2
1 63 312 4
1 483 312 2
1 236 312 1
1 22 312 3
1 228 312 1
1 570 312 1
1 563 312 2
1 33 312 1
1 754 312 2
1 285 312 4
1 294 312 1
1 74 312 2
1 65 312 2
1 595 312 1
1 747 312 2
1 692 312 1
1 202 312 2
1 826 326 2
1 404 326 2
1 63 326 4
1 483 326 2
1 236 326 1
1 22 326 3
1 228 326 1
1 570 326 1
1 563 326 2
1 33 326 1
1 754 326 2
1 285 326 4
1 294 326 1
1 74 326 2
1 65 326 2
1 595 326 1
1 747 326 2
1 692 326 1
1 202 326 2
1 826 331 2
1 404 331 2
1 63 331 4
1 483 331 2
1 236 331 1
1 22 331 3
1 228 331 1
1 570 331 1
1 563 331 2
1 33 331 1
1 754 331 2
1 285 331 4
1 294 331 1
1 74 331 2
1 65 331 2
1 595 331 1
1 747 331 2
1 692 331 1
1 202 331 2
1 826 335 2
1 404 335 2
1 63 335 4
1 483 335 2
1 236 335 1
1 22 335 3
1 228 335 1
1 570 335 1
1 563 335 2
1 33 335 1
1 754 335 2
1 285 335 4
1 294 335 1
1 74 335 2
1 65 335 2
1 595 335 1
1 747 335 2
1 692 335 1
1 202 335 2
1 826 336 3
1 404 336 2
1 63 336 4
1 483 336 4
1 236 336 1
1 22 336 3
1 228 336 1
1 570 336 1
1 563 336 2
1 33 336 1
1 754 336 2
1 285 336 4
1 294 336 1
1 74 336 2
1 65 336 2
1 595 336 1
1 747 336 2
1 692 336 1
1 202 336 2
1 826 337 3
1 404 337 2
1 63 337 4
1 483 337 4
1 236 337 1
1 22 337 3
1 228 337 1
1 570 337 1
1 563 337 2
1 33 337 1
1 754 337 2
1 285 337 4
1 294 337 1
1 74 337 2
1 65 337 2
1 595 337 1
1 747 337 2
1 692 337 1
1 202 337 2
1 826 344 3
1 404 344 2
1 63 344 4
1 483 344 4
1 236 344 1
1 22 344 3
1 228 344 1
1 570 344 1
1 563 344 2
1 33 344 1
1 754 344 2
1 285 344 4
1 294 344 1
1 74 344 2
1 65 344 2
1 595 344 1
1 747 344 2
1 692 344 1
1 202 344 2
1 826 345 3
1 404 345 2
1 63 345 6
1 483 345 4
1 236 345 1
1 22 345 4
1 228 345 1
1 570 345 1
1 563 345 2
1 33 345 1
1 754 345 2
1 285 345 4
1 294 345 1
1 74 345 2
1 65 345 2
1 595 345 1
1 747 345 2
1 692 345 1
1 202 345 2
1 826 346 3
1 404 346 2
1 63 346 6
1 483 346 4
1 236 346 1
1 22 346 4
1 228 346 1
1 570 346 1
1 563 346 2
1 33 346 1
1 754 346 2
1 285 346 4
1 294 346 1
1 74 346 2
1 65 346 2
1 595 346 1
1 747 346 2
1 692 346 1
1 202 346 2
1 826 358 3
1 404 358 2
1 63 358 6
1 483 358 4
1 236 358 1
1 22 358 4
1 228 358 1
1 570 358 1
1 563 358 2
1 33 358 1
1 754 358 2
1 285 358 4
1 294 358 1
1 74 358 2
1 65 358 2
1 595 358 1
1 747 358 2
1 692 358 1
1 202 358 2
1 826 359 3
1 404 359 2
1 63 359 6
1 483 359 4
1 236 359 1
1 22 359 6
1 228 359 1
1 570 359 1
1 563 359 2
1 33 359 1
1 754 359 2
1 285 359 4
1 294 359 1
1 74 359 2
1 65 359 2
1 595 359 1
1 747 359 2
1 692 359 1
1 202 359 2
1 826 362 3
1 404 362 2
1 63 362 7
1 483 362 4
1 236 362 1
1 22 362 6
1 228 362 1
1 570 362 1
1 563 362 2
1 33 362 1
1 754 362 2
1 285 362 4
1 294 362 1
1 74 362 2
1 65 362 2
1 595 362 1
1 747 362 2
1 692 362 1
1 202 362 2
1 826 364 3
1 404 364 2
1 63 364 7
1 483 364 4
1 236 364 1
1 22 364 6
1 228 364 1
1 570 364 1
1 563 364 2
1 33 364 1
1 754 364 2
1 285 364 4
1 294 364 1
1 74 364 2
1 65 364 2
1 595 364 1
1 747 364 2
1 692 364 1
1 202 364 2
1 826 415 5
1 404 415 2
1 63 415 7
1 483 415 4
1 236 415 1
1 22 415 6
1 228 415 1
1 570 415 1
1 563 415 2
1 33 415 1
1 754 415 2
1 285 415 4
1 294 415 1
1 74 415 2
1 65 415 2
1 595 415 1
1 747 415 2
1 692 415 1
1 202 415 2
1 826 421 5
1 404 421 2
1 63 421 7
1 483 421 4
1 236 421 1
1 22 421 6
1 228 421 1
1 570 421 1
1 563 421 2
1 33 421 1
1 754 421 2
1 285 421 4
1 294 421 1
1 74 421 2
1 65 421 2
1 595 421 1
1 747 421 2
1 692 421 1
1 202 421 2
1 826 450 5
1 404 450 2
1 63 450 7
1 483 450 4
1 236 450 1
1 22 450 7
1 228 450 5
1 570 450 1
1 563 450 2
1 33 450 2
1 754 450 2
1 285 450 4
1 294 450 2
1 74 450 2
1 65 450 4
1 595 450 1
1 747 450 2
1 692 450 1
1 202 450 2
1 826 528 7
1 404 528 3
1 63 528 7
1 483 528 4
1 236 528 1
1 22 528 7
1 228 528 5
1 570 528 1
1 563 528 2
1 33 528 2
1 754 528 2
1 285 528 4
1 294 528 2
1 74 528 2
1 65 528 4
1 595 528 1
1 747 528 2
1 692 528 1
1 202 528 2
1 826 533 7
1 404 533 3
1 63 533 7
1 483 533 6
1 236 533 1
1 22 533 7
1 228 533 5
1 570 533 1
1 563 533 2
1 33 533 2
1 754 533 2
1 285 533 4
1 294 533 2
1 74 533 2
1 65 533 4
1 595 533 1
1 747 533 2
1 692 533 1
1 202 533 2
1 826 544 7
1 404 544 3
1 63 544 7
1 483 544 6
1 236 544 1
1 22 544 7
1 228 544 5
1 570 544 3
1 563 544 2
1 33 544 4
1 754 544 2
1 285 544 6
1 294 544 2
1 74 544 3
1 65 544 5
1 595 544 5
1 747 544 2
1 692 544 1
1 202 544 2
1 826 767 7
1 404 767 3
1 63 767 7
1 483 767 6
1 236 767 1
1 22 767 7
1 228 767 5
1 570 767 3
1 563 767 2
1 33 767 4
1 754 767 2
1 285 767 6
1 294 767 2
1 74 767 3
1 65 767 5
1 595 767 5
1 747 767 2
1 692 767 1
1 202 767 2
1 826 812 7
1 404 812 3
1 63 812 7
1 483 812 6
1 236 812 1
1 22 812 7
1 228 812 5
1 570 812 3
1 563 812 2
1 33 812 4
1 754 812 2
1 285 812 6
1 294 812 2
1 74 812 3
1 65 812 5
1 595 812 5
1 747 812 2
1 692 812 1
1 202 812 2
1 826 1042 7
1 404 1042 3
1 63 1042 7
1 483 1042 6
1 236 1042 1
1 22 1042 7
1 228 1042 5
1 570 1042 3
1 563 1042 2
1 33 1042 4
1 754 1042 2
1 285 1042 6
1 294 1042 2
1 74 1042 3
1 65 1042 5
1 595 1042 5
1 747 1042 2
1 692 1042 1
1 202 1042 2
1 826 1087 7
1 404 1087 3
1 63 1087 7
1 483 1087 6
1 236 1087 1
1 22 1087 7
1 228 1087 5
1 570 1087 3
1 563 1087 2
1 33 1087 4
1 754 1087 2
1 285 1087 6
1 294 1087 2
1 74 1087 3
1 65 1087 5
1 595 1087 5
1 747 1087 2
1 692 1087 1
1 202 1087 2
1 826 1095 7
1 404 1095 3
1 63 1095 7
1 483 1095 6
1 236 1095 1
1 22 1095 7
1 228 1095 5
1 570 1095 3
1 563 1095 2
1 33 1095 4
1 754 1095 2
1 285 1095 6
1 294 1095 2
1 74 1095 3
1 65 1095 5
1 595 1095 5
1 747 1095 2
1 692 1095 1
1 202 1095 2
1 826 1099 7
1 404 1099 3
1 63 1099 7
1 483 1099 6
1 236 1099 1
1 22 1099 7
1 228 1099 5
1 570 1099 3
1 563 1099 2
1 33 1099 4
1 754 1099 2
1 285 1099 6
1 294 1099 2
1 74 1099 3
1 65 1099 5
1 595 1099 5
1 747 1099 2
1 692 1099 1
1 202 1099 2
1 826 1101 7
1 404 1101 3
1 63 1101 7
1 483 1101 6
1 236 1101 1
1 22 1101 7
1 228 1101 5
1 570 1101 3
1 563 1101 2
1 33 1101 4
1 754 1101 2
1 285 1101 6
1 294 1101 2
1 74 1101 3
1 65 1101 5
1 595 1101 5
1 747 1101 2
1 692 1101 1
1 202 1101 2
1 826 1102 7
1 404 1102 3
1 63 1102 7
1 483 1102 6
1 236 1102 1
1 22 1102 7
1 228 1102 5
1 570 1102 3
1 563 1102 2
1 33 1102 4
1 754 1102 2
1 285 1102 6
1 294 1102 2
1 74 1102 3
1 65 1102 5
1 595 1102 5
1 747 1102 2
1 692 1102 1
1 202 1102 2
1 826 1106 7
1 404 1106 3
1 63 1106 7
1 483 1106 6
1 236 1106 1
1 22 1106 7
1 228 1106 5
1 570 1106 3
1 563 1106 2
1 33 1106 4
1 754 1106 2
1 285 1106 6
1 294 1106 2
1 74 1106 3
1 65 1106 5
1 595 1106 5
1 747 1106 2
1 692 1106 1
1 202 1106 2
1 826 1110 7
1 404 1110 3
1 63 1110 7
1 483 1110 6
1 236 1110 1
1 22 1110 7
1 228 1110 5
1 570 1110 3
1 563 1110 2
1 33 1110 4
1 754 1110 2
1 285 1110 6
1 294 1110 2
1 74 1110 3
1 65 1110 5
1 595 1110 5
1 747 1110 2
1 692 1110 1
1 202 1110 2
1 826 1135 7
1 404 1135 3
1 63 1135 7
1 483 1135 6
1 236 1135 1
1 22 1135 7
1 228 1135 5
1 570 1135 3
1 563 1135 2
1 33 1135 4
1 754 1135 2
1 285 1135 6
1 294 1135 6
1 74 1135 3
1 65 1135 5
1 595 1135 5
1 747 1135 2
1 692 1135 1
1 202 1135 4
1 826 1224 7
1 404 1224 3
1 63 1224 7
1 483 1224 6
1 236 1224 1
1 22 1224 7
1 228 1224 5
1 570 1224 3
1 563 1224 2
1 33 1224 4
1 754 1224 2
1 285 1224 6
1 294 1224 6
1 74 1224 3
1 65 1224 5
1 595 1224 5
1 747 1224 2
1 692 1224 1
1 202 1224 4
1 826 1378 7
1 404 1378 3
1 63 1378 7
1 483 1378 6
1 236 1378 1
1 22 1378 7
1 228 1378 5
1 570 1378 3
1 563 1378 2
1 33 1378 4
1 754 1378 2
1 285 1378 6
1 294 1378 6
1 74 1378 3
1 65 1378 5
1 595 1378 5
1 747 1378 2
1 692 1378 1
1 202 1378 4
1 826 1446 7
1 404 1446 3
1 63 1446 7
1 483 1446 6
1 236 1446 1
1 22 1446 7
1 228 1446 5
1 570 1446 3
1 563 1446 2
1 33 1446 4
1 754 1446 2
1 285 1446 6
1 294 1446 6
1 74 1446 3
1 65 1446 5
1 595 1446 5
1 747 1446 2
1 692 1446 1
1 202 1446 4
1 826 1447 7
1 404 1447 3
1 63 1447 7
1 483 1447 6
1 236 1447 1
1 22 1447 7
1 228 1447 5
1 570 1447 3
1 563 1447 2
1 33 1447 4
1 754 1447 2
1 285 1447 6
1 294 1447 6
1 74 1447 3
1 65 1447 5
1 595 1447 5
1 747 1447 2
1 692 1447 1
1 202 1447 4
1 826 1450 7
1 404 1450 3
1 63 1450 7
1 483 1450 6
1 236 1450 1
1 22 1450 7
1 228 1450 5
1 570 1450 3
1 563 1450 2
1 33 1450 4
1 754 1450 2
1 285 1450 6
1 294 1450 6
1 74 1450 3
1 65 1450 5
1 595 1450 5
1 747 1450 2
1 692 1450 1
1 202 1450 4
1 826 1454 7
1 404 1454 3
1 63 1454 7
1 483 1454 6
1 236 1454 1
1 22 1454 7
1 228 1454 5
1 570 1454 3
1 563 1454 2
1 33 1454 4
1 754 1454 2
1 285 1454 6
1 294 1454 6
1 74 1454 3
1 65 1454 5
1 595 1454 5
1 747 1454 2
1 692 1454 1
1 202 1454 4
1 826 1455 7
1 404 1455 3
1 63 1455 7
1 483 1455 6
1 236 1455 1
1 22 1455 7
1 228 1455 5
1 570 1455 3
1 563 1455 2
1 33 1455 4
1 754 1455 2
1 285 1455 6
1 294 1455 6
1 74 1455 3
1 65 1455 5
1 595 1455 5
1 747 1455 2
1 692 1455 1
1 202 1455 4
1 826 1456 7
1 404 1456 3
1 63 1456 7
1 483 1456 7
1 236 1456 1
1 22 1456 7
1 228 1456 6
1 570 1456 3
1 563 1456 2
1 33 1456 4
1 754 1456 2
1 285 1456 6
1 294 1456 6
1 74 1456 3
1 65 1456 5
1 595 1456 5
1 747 1456 2
1 692 1456 1
1 202 1456 4
1 826 1457 9
1 404 1457 3
1 63 1457 7
1 483 1457 7
1 236 1457 1
1 22 1457 7
1 228 1457 6
1 570 1457 3
1 563 1457 2
1 33 1457 4
1 754 1457 2
1 285 1457 6
1 294 1457 6
1 74 1457 3
1 65 1457 5
1 595 1457 5
1 747 1457 2
1 692 1457 1
1 202 1457 4
1 826 1479 9
1 404 1479 5
1 63 1479 9
1 483 1479 7
1 236 1479 1
1 22 1479 7
1 228 1479 6
1 570 1479 3
1 563 1479 2
1 33 1479 4
1 754 1479 2
1 285 1479 6
1 294 1479 6
1 74 1479 3
1 65 1479 5
1 595 1479 5
1 747 1479 2
1 692 1479 1
1 202 1479 4
1 826 1480 9
1 404 1480 5
1 63 1480 9
1 483 1480 9
1 236 1480 1
1 22 1480 7
1 228 1480 6
1 570 1480 3
1 563 1480 2
1 33 1480 4
1 754 1480 2
1 285 1480 6
1 294 1480 6
1 74 1480 3
1 65 1480 5
1 595 1480 5
1 747 1480 2
1 692 1480 1
1 202 1480 4
1 826 1550 9
1 404 1550 5
1 63 1550 9
1 483 1550 9
1 236 1550 1
1 22 1550 7
1 228 1550 6
1 570 1550 3
1 563 1550 2
1 33 1550 4
1 754 1550 2
1 285 1550 6
1 294 1550 6
1 74 1550 3
1 65 1550 5
1 595 1550 5
1 747 1550 2
1 692 1550 1
1 202 1550 4
1 826 1569 9
1 404 1569 5
1 63 1569 9
1 483 1569 9
1 236 1569 1
1 22 1569 7
1 228 1569 6
1 570 1569 3
1 563 1569 2
1 33 1569 4
1 754 1569 2
1 285 1569 6
1 294 1569 6
1 74 1569 3
1 65 1569 5
1 595 1569 5
1 747 1569 2
1 692 1569 1
1 202 1569 4
1 826 1641 9
1 404 1641 5
1 63 1641 9
1 483 1641 9
1 236 1641 1
1 22 1641 7
1 228 1641 6
1 570 1641 3
1 563 1641 2
1 33 1641 4
1 754 1641 2
1 285 1641 6
1 294 1641 6
1 74 1641 3
1 65 1641 5
1 595 1641 5
1 747 1641 2
1 692 1641 1
1 202 1641 4
1 826 1652 9
1 404 1652 5
1 63 1652 9
1 483 1652 9
1 236 1652 1
1 22 1652 7
1 228 1652 6
1 570 1652 3
1 563 1652 2
1 33 1652 4
1 754 1652 2
1 285 1652 6
1 294 1652 6
1 74 1652 3
1 65 1652 5
1 595 1652 5
1 747 1652 2
1 692 1652 1
1 202 1652 4
1 826 1673 9
1 404 1673 5
1 63 1673 9
1 483 1673 9
1 236 1673 1
1 22 1673 7
1 228 1673 6
1 570 1673 3
1 563 1673 2
1 33 1673 4
1 754 1673 2
1 285 1673 6
1 294 1673 6
1 74 1673 3
1 65 1673 5
1 595 1673 5
1 747 1673 2
1 692 1673 1
1 202 1673 4
1 826 1677 9
1 404 1677 5
1 63 1677 9
1 483 1677 9
1 236 1677 1
1 22 1677 7
1 228 1677 6
1 570 1677 3
1 563 1677 2
1 33 1677 4
1 754 1677 2
1 285 1677 6
1 294 1677 6
1 74 1677 3
1 65 1677 5
1 595 1677 5
1 747 1677 2
1 692 1677 1
1 202 1677 4
1 826 1678 9
1 404 1678 5
1 63 1678 9
1 483 1678 9
1 236 1678 1
1 22 1678 7
1 228 1678 6
1 570 1678 3
1 563 1678 2
1 33 1678 4
1 754 1678 2
1 285 1678 6
1 294 1678 6
1 74 1678 3
1 65 1678 5
1 595 1678 5
1 747 1678 2
1 692 1678 1
1 202 1678 4
1 826 1680 9
1 404 1680 5
1 63 1680 9
1 483 1680 9
1 236 1680 1
1 22 1680 7
1 228 1680 6
1 570 1680 3
1 563 1680 2
1 33 1680 4
1 754 1680 2
1 285 1680 6
1 294 1680 6
1 74 1680 3
1 65 1680 5
1 595 1680 5
1 747 1680 2
1 692 1680 1
1 202 1680 4
1 826 1681 9
1 404 1681 5
1 63 1681 9
1 483 1681 9
1 236 1681 1
1 22 1681 7
1 228 1681 6
1 570 1681 3
1 563 1681 2
1 33 1681 4
1 754 1681 2
1 285 1681 6
1 294 1681 6
1 74 1681 3
1 65 1681 5
1 595 1681 5
1 747 1681 2
1 692 1681 1
1 202 1681 4
1 826 1683 9
1 404 1683 5
1 63 1683 9
1 483 1683 9
1 236 1683 1
1 22 1683 7
1 228 1683 6
1 570 1683 3
1 563 1683 2
1 33 1683 4
1 754 1683 2
1 285 1683 6
1 294 1683 6
1 74 1683 3
1 65 1683 5
1 595 1683 5
1 747 1683 2
1 692 1683 1
1 202 1683 4
1 826 1684 9
1 404 1684 5
1 63 1684 9
1 483 1684 9
1 236 1684 1
1 22 1684 7
1 228 1684 6
1 570 1684 3
1 563 1684 2
1 33 1684 4
1 754 1684 2
1 285 1684 8
1 294 1684 6
1 74 1684 3
1 65 1684 5
1 595 1684 5
1 747 1684 2
1 692 1684 1
1 202 1684 4
1 826 1685 9
1 404 1685 5
1 63 1685 9
1 483 1685 9
1 236 1685 1
1 22 1685 7
1 228 1685 6
1 570 1685 3
1 563 1685 2
1 33 1685 4
1 754 1685 2
1 285 1685 8
1 294 1685 6
1 74 1685 3
1 65 1685 5
1 595 1685 5
1 747 1685 2
1 692 1685 1
1 202 1685 4
1 826 1760 9
1 404 1760 5
1 63 1760 9
1 483 1760 9
1 236 1760 1
1 22 1760 7
1 228 1760 6
1 570 1760 3
1 563 1760 2
1 33 1760 4
1 754 1760 2
1 285 1760 8
1 294 1760 6
1 74 1760 3
1 65 1760 5
1 595 1760 5
1 747 1760 2
1 692 1760 1
1 202 1760 4
1 826 1856 9
1 404 1856 5
1 63 1856 9
1 483 1856 9
1 236 1856 1
1 22 1856 7
1 228 1856 6
1 570 1856 3
1 563 1856 2
1 33 1856 4
1 754 1856 2
1 285 1856 8
1 294 1856 6
1 74 1856 3
1 65 1856 5
1 595 1856 5
1 747 1856 2
1 692 1856 1
1 202 1856 4
1 826 1859 9
1 404 1859 5
1 63 1859 9
1 483 1859 9
1 236 1859 1
1 22 1859 7
1 228 1859 6
1 570 1859 3
1 563 1859 2
1 33 1859 4
1 754 1859 2
1 285 1859 8
1 294 1859 6
1 74 1859 3
1 65 1859 5
1 595 1859 5
1 747 1859 2
1 692 1859 1
1 202 1859 4
1 826 1860 9
1 404 1860 5
1 63 1860 9
1 483 1860 9
1 236 1860 1
1 22 1860 7
1 228 1860 6
1 570 1860 3
1 563 1860 2
1 33 1860 4
1 754 1860 2
1 285 1860 8
1 294 1860 6
1 74 1860 3
1 65 1860 5
1 595 1860 5
1 747 1860 2
1 692 1860 1
1 202 1860 4
1 826 1861 10
1 404 1861 5
1 63 1861 9
1 483 1861 9
1 236 1861 1
1 22 1861 7
1 228 1861 6
1 570 1861 3
1 563 1861 2
1 33 1861 4
1 754 1861 2
1 285 1861 8
1 294 1861 6
1 74 1861 3
1 65 1861 5
1 595 1861 5
1 747 1861 2
1 692 1861 1
1 202 1861 4
1 826 1862 10
1 404 1862 5
1 63 1862 9
1 483 1862 9
1 236 1862 1
1 22 1862 7
1 228 1862 6
1 570 1862 3
1 563 1862 2
1 33 1862 4
1 754 1862 2
1 285 1862 8
1 294 1862 6
1 74 1862 3
1 65 1862 5
1 595 1862 5
1 747 1862 2
1 692 1862 1
1 202 1862 4
1 826 2126 10
1 404 2126 5
1 63 2126 9
1 483 2126 9
1 236 2126 1
1 22 2126 7
1 228 2126 6
1 570 2126 3
1 563 2126 2
1 33 2126 4
1 754 2126 2
1 285 2126 8
1 294 2126 6
1 74 2126 3
1 65 2126 5
1 595 2126 5
1 747 2126 2
1 692 2126 1
1 202 2126 4
1 826 2302 10
1 404 2302 5
1 63 2302 9
1 483 2302 9
1 236 2302 1
1 22 2302 7
1 228 2302 6
1 570 2302 3
1 563 2302 2
1 33 2302 4
1 754 2302 2
1 285 2302 8
1 294 2302 6
1 74 2302 3
1 65 2302 5
1 595 2302 5
1 747 2302 2
1 692 2302 1
1 202 2302 4
1 826 2344 10
1 404 2344 5
1 63 2344 9
1 483 2344 9
1 236 2344 1
1 22 2344 7
1 228 2344 6
1 570 2344 3
1 563 2344 2
1 33 2344 4
1 754 2344 2
1 285 2344 8
1 294 2344 6
1 74 2344 3
1 65 2344 5
1 595 2344 5
1 747 2344 2
1 692 2344 1
1 202 2344 4
1 826 2362 10
1 404 2362 5
1 63 2362 9
1 483 2362 9
1 236 2362 1
1 22 2362 7
1 228 2362 6
1 570 2362 3
1 563 2362 2
1 33 2362 4
1 754 2362 2
1 285 2362 8
1 294 2362 6
1 74 2362 3
1 65 2362 5
1 595 2362 5
1 747 2362 2
1 692 2362 1
1 202 2362 4
1 826 2363 10
1 404 2363 5
1 63 2363 9
1 483 2363 9
1 236 2363 1
1 22 2363 7
1 228 2363 6
1 570 2363 3
1 563 2363 2
1 33 2363 4
1 754 2363 2
1 285 2363 8
1 294 2363 6
1 74 2363 3
1 65 2363 5
1 595 2363 5
1 747 2363 2
1 692 2363 1
1 202 2363 4
1 826 2366 10
1 404 2366 5
1 63 2366 9
1 483 2366 9
1 236 2366 1
1 22 2366 7
1 228 2366 6
1 570 2366 3
1 563 2366 2
1 33 2366 4
1 754 2366 2
1 285 2366 8
1 294 2366 6
1 74 2366 3
1 65 2366 5
1 595 2366 5
1 747 2366 2
1 692 2366 1
1 202 2366 4
1 826 2367 10
1 404 2367 5
1 63 2367 9
1 483 2367 9
1 236 2367 1
1 22 2367 7
1 228 2367 6
1 570 2367 3
1 563 2367 2
1 33 2367 4
1 754 2367 2
1 285 2367 8
1 294 2367 6
1 74 2367 3
1 65 2367 5
1 595 2367 5
1 747 2367 2
1 692 2367 1
1 202 2367 4
1 826 2368 10
1 404 2368 5
1 63 2368 9
1 483 2368 9
1 236 2368 1
1 22 2368 9
1 228 2368 6
1 570 2368 3
1 563 2368 2
1 33 2368 4
1 754 2368 2
1 285 2368 8
1 294 2368 7
1 74 2368 3
1 65 2368 5
1 595 2368 5
1 747 2368 2
1 692 2368 1
1 202 2368 4
1 826 2423 11
1 404 2423 5
1 63 2423 9
1 483 2423 9
1 236 2423 1
1 22 2423 9
1 228 2423 6
1 570 2423 3
1 563 2423 2
1 33 2423 4
1 754 2423 2
1 285 2423 8
1 294 2423 7
1 74 2423 3
1 65 2423 5
1 595 2423 5
1 747 2423 2
1 692 2423 1
1 202 2423 4
1 826 2462 11
1 404 2462 5
1 63 2462 9
1 483 2462 9
1 236 2462 1
1 22 2462 9
1 228 2462 6
1 570 2462 3
1 563 2462 2
1 33 2462 4
1 754 2462 2
1 285 2462 8
1 294 2462 7
1 74 2462 3
1 65 2462 5
1 595 2462 5
1 747 2462 2
1 692 2462 1
1 202 2462 4
1 826 2465 11
1 404 2465 5
1 63 2465 9
1 483 2465 9
1 236 2465 1
1 22 2465 9
1 228 2465 6
1 570 2465 3
1 563 2465 4
1 33 2465 4
1 754 2465 2
1 285 2465 8
1 294 2465 7
1 74 2465 4
1 65 2465 5
1 595 2465 5
1 747 2465 2
1 692 2465 1
1 202 2465 4
1 826 2641 11
1 404 2641 5
1 63 2641 9
1 483 2641 9
1 236 2641 1
1 22 2641 9
1 228 2641 6
1 570 2641 3
1 563 2641 4
1 33 2641 4
1 754 2641 2
1 285 2641 8
1 294 2641 7
1 74 2641 4
1 65 2641 5
1 595 2641 5
1 747 2641 2
1 692 2641 1
1 202 2641 4
1 826 2728 11
1 404 2728 5
1 63 2728 9
1 483 2728 9
1 236 2728 1
1 22 2728 9
1 228 2728 6
1 570 2728 3
1 563 2728 4
1 33 2728 4
1 754 2728 2
1 285 2728 8
1 294 2728 7
1 74 2728 4
1 65 2728 5
1 595 2728 5
1 747 2728 2
1 692 2728 1
1 202 2728 4
1 826 2877 11
1 404 2877 5
1 63 2877 9
1 483 2877 9
1 236 2877 1
1 22 2877 9
1 228 2877 6
1 570 2877 3
1 563 2877 4
1 33 2877 4
1 754 2877 2
1 285 2877 8
1 294 2877 7
1 74 2877 4
1 65 2877 5
1 595 2877 5
1 747 2877 2
1 692 2877 1
1 202 2877 4
1 826 2879 11
1 404 2879 5
1 63 2879 9
1 483 2879 9
1 236 2879 1
1 22 2879 9
1 228 2879 6
1 570 2879 3
1 563 2879 4
1 33 2879 4
1 754 2879 2
1 285 2879 8
1 294 2879 7
1 74 2879 4
1 65 2879 5
1 595 2879 5
1 747 2879 2
1 692 2879 1
1 202 2879 4
1 826 2880 11
1 404 2880 5
1 63 2880 9
1 483 2880 9
1 236 2880 1
1 22 2880 9
1 228 2880 6
1 570 2880 3
1 563 2880 4
1 33 2880 4
1 754 2880 2
1 285 2880 8
1 294 2880 7
1 74 2880 4
1 65 2880 5
1 595 2880 5
1 747 2880 2
1 692 2880 1
1 202 2880 4
